300 300
75 75
126 28
154 237
107 188
168 144
52 145
150 8
258 222
189 77
190 257
136 269
250 51
124 26
169 188
144 115
137 59
288 187
270 114
119 52
97 34
74 127
229 129
156 133
288 232
203 260
76 264
103 36
177 66
252 204
262 62
44 33
237 119
224 92
199 192
116 52
283 129
192 186
10 178
208 171
66 258
10 20
26 117
177 270
12 253
180 60
109 182
100 191
10 194
136 22
5 5
134 155
242 296
194 64
14 103
89 132
107 13
270 128
235 117
251 114
291 115
1 61
235 107
15 219
37 189
241 235
176 14
120 168
228 17
243 133
291 201
251 161
48 167
289 253
82 84
291 59
182 291
105 37
203 59
103 278
136 95
164 63
159 110
266 136
83 294
172 241
265 75
283 195
145 73
55 227
237 249
290 286
210 182
137 267
76 74
133 254
275 151
201 284
122 249
50 66
284 33
74 180
232 105
178 116
266 253
234 148
3 34
190 99
255 201
127 88
152 183
22 15
198 96
14 177
24 49
114 103
114 182
46 177
203 92
18 139
84 21
151 110
39 55
100 267
183 78
169 208
28 216
205 114
73 118
35 29
269 221
211 70
14 111
274 122
236 64
158 199
252 40
269 188
213 42
266 208
37 162
81 132
288 147
209 70
93 64
121 54
218 33
138 224
3 158
183 138
283 145
93 46
